10
1
cam3
1446.1662 0.0000 0.0000
0.0000 1441.5887 0.0000
411.6031 309.5352 1.0000
0.4235 0.7492 -0.5093
-0.7609 0.5993 0.2489
0.4917 0.2821 0.8238
353.02 -170.39 112.71
cam7
1446.1650 -0.0000 -0.0000
0.0002 1441.5877 -0.0000
411.6034 309.5352 1.0000
-0.2852 0.7347 -0.6155
-0.8534 0.0976 0.5120
0.4363 0.6713 0.5991
417.97 -329.74 249.37
cam10
1446.1649 0.0000 0.0000
0.0003 1441.5876 0.0000
411.6037 309.5351 1.0000
0.6859 0.4666 -0.5584
-0.5817 0.8127 -0.0354
0.4373 0.3491 0.8288
383.06 2.93 109.60
cam16
1446.1653 0.0000 0.0000
-0.0001 1441.5880 0.0000
411.6029 309.5346 1.0000
0.3068 0.5421 -0.7823
-0.8241 0.5625 0.0666
0.4761 0.6243 0.6194
519.68 -59.40 237.07
cam18
1446.1647 -0.0000 -0.0000
0.0001 1441.5871 -0.0000
411.6026 309.5353 1.0000
-0.2379 0.5998 -0.7640
-0.8700 0.2182 0.4422
0.4319 0.7698 0.4699
508.15 -287.77 327.74
cam21
1446.1654 -0.0000 -0.0000
-0.0001 1441.5877 -0.0000
411.6022 309.5349 1.0000
-0.4235 0.4126 -0.8065
-0.8259 0.1899 0.5309
0.3722 0.8909 0.2604
534.48 -341.65 455.41
cam24
1446.1655 0.0000 0.0000
-0.0002 1441.5877 0.0000
411.6017 309.5350 1.0000
0.2647 0.3925 -0.8808
-0.8472 0.5310 -0.0180
0.4607 0.7510 0.4731
579.71 -6.78 325.92
cam33
1446.1651 0.0000 0.0000
0.0001 1441.5877 0.0000
411.6032 309.5351 1.0000
0.5155 0.1650 -0.8409
-0.7449 0.5713 -0.3445
0.4236 0.8040 0.4174
555.64 191.11 360.02
cam35
1446.1648 0.0000 0.0000
0.0002 1441.5873 0.0000
411.6030 309.5354 1.0000
0.1172 0.2341 -0.9651
-0.8920 0.4520 0.0014
0.4365 0.8607 0.2618
631.30 -19.73 454.72
cam43
1446.1649 0.0000 0.0000
0.0002 1441.5873 0.0000
411.6026 309.5355 1.0000
0.1163 0.0398 -0.9924
-0.9026 0.4213 -0.0889
0.4145 0.9061 0.0849
647.71 35.37 561.65
